the:3.508232
and:1.593878
ing:1.147042
her:0.822444
hat:0.650715
his:0.596748
tha:0.593593
ere:0.560594
for:0.555372
ent:0.530771
ion:0.506454
ter:0.461099
was:0.460487
you:0.437213
ith:0.431250
ver:0.430732
all:0.422758
wit:0.397290
thi:0.394796
tio:0.378058
